  0  96  96  96  96  96  96  96  96  96  96  96  96  96  96   0
 96  96  96 255 255 255 255 255 255 255 255 255 255  96  96  96
 96  96  88  33  33  33  33  33  33  33  33  33  33 110  96  96
 96 255  33  33  33  33  33  33  33  33  33  33  33  33 255  96
 96 255  33  33  33  33  33  33  33  33  33  33  33  33 255  96
 96 255  33  35 137 137 137  33  33 137  33 137  33  33 255  96
 96 255  33  33 137  33  33 137  33  33  33  33  33  33 255  96
 96 255  33  33 137  33  33 137  33 137  33 137  33  33 255  96
 96 255  33  33 137  33  33 137  33  33  33  33  33  33 255  96
 96 255  33  33 137  33  33 137  33  33  33  33  33  33 255  96
 96 255  33  33 137 137 137  33 158 158  33  33  33  33 255  96
 96 255  33  33  33  33  33  33 158 158  33  33  33  33 255  96
 96 255  33  33  33  33  33 158 158 158 158  33  33  33 255  96
 96  96  88  33  33  33  33  33  33  33  33  33  33 110  96  96
 96  96  96 255 255 255 255 255 255 255 255 255 255  96  96  96
  0  96  96  96  96  96  96  96  96  96  96  96  96  96  96   0
  0  53  53  53  53  53  53  53  53  53  53  53  53  53  53   0
 53  53  53 255 255 255 255 255 255 255 255 255 255  53  53  53
 53  53  88  33  33  33  33  33  33  33  33  33  33 110  53  53
 53 255  33  33  33  33  33  33  33  33  33  33  33  33 255  53
 53 255  33  33  33  33  33  33  33  33  33  33  33  33 255  53
 53 255  33  32   0   0   0  33  33   0  33   0  33  33 255  53
 53 255  33  33   0  33  33   0  33  33  33  33  33  33 255  53
 53 255  33  33   0  33  33   0  33   0  33   0  33  33 255  53
 53 255  33  33   0  33  33   0  33  33  33  33  33  33 255  53
 53 255  33  33   0  33  33   0  33  33  33  33  33  33 255  53
 53 255  33  33   0   0   0  33  73  73  33  33  33  33 255  53
 53 255  33  33  33  33  33  33  73  73  33  33  33  33 255  53
 53 255  33  33  33  33  33  73  73  73  73  33  33  33 255  53
 53  53  88  33  33  33  33  33  33  33  33  33  33 110  53  53
 53  53  53 255 255 255 255 255 255 255 255 255 255  53  53  53
  0  53  53  53  53  53  53  53  53  53  53  53  53  53  53   0
  0 137 137 137 137 137 137 137 137 137 137 137 137 137 137   0
137 137 137 255 255 255 255 255 255 255 255 255 255 137 137 137
137 137  88  33  33  33  33  33  33  33  33  33  33 110 137 137
137 255  33  33  33  33  33  33  33  33  33  33  33  33 255 137
137 255  33  33  33  33  33  33  33  33  33  33  33  33 255 137
137 255  33  35 117 117 117  33  33 117  33 117  33  33 255 137
137 255  33  33 117  33  33 117  33  33  33  33  33  33 255 137
137 255  33  33 117  33  33 117  33 117  33 117  33  33 255 137
137 255  33  33 117  33  33 117  33  33  33  33  33  33 255 137
137 255  33  33 117  33  33 117  33  33  33  33  33  33 255 137
137 255  33  33 117 117 117  33  78  78  33  33  33  33 255 137
137 255  33  33  33  33  33  33  78  78  33  33  33  33 255 137
137 255  33  33  33  33  33  78  78  78  78  33  33  33 255 137
137 137  88  33  33  33  33  33  33  33  33  33  33 110 137 137
137 137 137 255 255 255 255 255 255 255 255 255 255 137 137 137
  0 137 137 137 137 137 137 137 137 137 137 137 137 137 137   0

  0  96  96  96  96  96  96  96  96  96  96  96  96  96  96   0
 96  96  96 255 255 255 255 255 255 255 255 255 255  96  96  96
 96  96 110  33  33  33  33  33  33  33  33  33  33 110  96  96
 96 255  33  33  33  33  33  33  33  33  33  33  33  33 255  96
 96 255  33  33  33 137  33 137  33  33  33  33  33  33 255  96
 96 255  33  33  33  33  33  33  33  33  33  33 158  33 255  96
 96 255  33  33  33 137  33 137  33  33 158 158 158  33 255  96
 96 255  33  33  33  33  33  33  33  33 158 158 158  33 255  96
 96 255  33  33  33  33 137 137 137 137  33  33 158  33 255  96
 96 255  33  33  33 137  33  33  33  33 137  33  33  33 255  96
 96 255  33  33  33 137  33  33  33  33 137  33  33  33 255  96
 96 255  33  33  33 137 137 137 137 137 137  33  33  33 255  96
 96 255  33  33  33  35  33  33  33  33  33  33  33  33 255  96
 96  96  87  33  33  33  33  33  33  33  33  33  33  87  96  96
 96  96  96 255 255 255 255 255 255 255 255 255 255  96  96  96
  0  96  96  96  96  96  96  96  96  96  96  96  96  96  96   0
  0  53  53  53  53  53  53  53  53  53  53  53  53  53  53   0
 53  53  53 255 255 255 255 255 255 255 255 255 255  53  53  53
 53  53 110  33  33  33  33  33  33  33  33  33  33 110  53  53
 53 255  33  33  33  33  33  33  33  33  33  33  33  33 255  53
 53 255  33  33  33   0  33   0  33  33  33  33  33  33 255  53
 53 255  33  33  33  33  33  33  33  33  33  33  73  33 255  53
 53 255  33  33  33   0  33   0  33  33  73  73  73  33 255  53
 53 255  33  33  33  33  33  33  33  33  73  73  73  33 255  53
 53 255  33  33  33  33   0   0   0   0  33  33  73  33 255  53
 53 255  33  33  33   0  33  33  33  33   0  33  33  33 255  53
 53 255  33  33  33   0  33  33  33  33   0  33  33  33 255  53
 53 255  33  33  33   0   0   0   0   0   0  33  33  33 255  53
 53 255  33  33  33  32  33  33  33  33  33  33  33  33 255  53
 53  53  87  33  33  33  33  33  33  33  33  33  33  87  53  53
 53  53  53 255 255 255 255 255 255 255 255 255 255  53  53  53
  0  53  53  53  53  53  53  53  53  53  53  53  53  53  53   0
  0 137 137 137 137 137 137 137 137 137 137 137 137 137 137   0
137 137 137 255 255 255 255 255 255 255 255 255 255 137 137 137
137 137 110  33  33  33  33  33  33  33  33  33  33 110 137 137
137 255  33  33  33  33  33  33  33  33  33  33  33  33 255 137
137 255  33  33  33 117  33 117  33  33  33  33  33  33 255 137
137 255  33  33  33  33  33  33  33  33  33  33  78  33 255 137
137 255  33  33  33 117  33 117  33  33  78  78  78  33 255 137
137 255  33  33  33  33  33  33  33  33  78  78  78  33 255 137
137 255  33  33  33  33 117 117 117 117  33  33  78  33 255 137
137 255  33  33  33 117  33  33  33  33 117  33  33  33 255 137
137 255  33  33  33 117  33  33  33  33 117  33  33  33 255 137
137 255  33  33  33 117 117 117 117 117 117  33  33  33 255 137
137 255  33  33  33  34  33  33  33  33  33  33  33  33 255 137
137 137  87  33  33  33  33  33  33  33  33  33  33  87 137 137
137 137 137 255 255 255 255 255 255 255 255 255 255 137 137 137
  0 137 137 137 137 137 137 137 137 137 137 137 137 137 137   0

  0  96  96  96  96  96  96  96  96  96  96  96  96  96  96   0
 96  96  96 255 255 255 255 255 255 255 255 255 255  96  96  96
 96  96 110  33  33  33  33  33  33  33  33  33  33  87  96  96
 96 255  33  33  33 158 158 158 158  33  33  33  33  33 255  96
 96 255  33  33  33  33 158 158  33  33  33  33  33  33 255  96
 96 255  33  33  33  33 158 158  33 137 137 137  33  33 255  96
 96 255  33  33  33  33  33  33 137  33  33 137  33  33 255  96
 96 255  33  33  33  33  33  33 137  33  33 137  33  33 255  96
 96 255  33  33 137  33 137  33 137  33  33 137  33  33 255  96
 96 255  33  33  33  33  33  33 137  33  33 137  33  33 255  96
 96 255  33  33 137  33 137  33  33 137 137 137  35  33 255  96
 96 255  33  33  33  33  33  33  33  33  33  33  33  33 255  96
 96 255  33  33  33  33  33  33  33  33  33  33  33  33 255  96
 96  96 110  33  33  33  33  33  33  33  33  33  33  87  96  96
 96  96  96 255 255 255 255 255 255 255 255 255 255  96  96  96
  0  96  96  96  96  96  96  96  96  96  96  96  96  96  96   0
  0  53  53  53  53  53  53  53  53  53  53  53  53  53  53   0
 53  53  53 255 255 255 255 255 255 255 255 255 255  53  53  53
 53  53 110  33  33  33  33  33  33  33  33  33  33  87  53  53
 53 255  33  33  33  73  73  73  73  33  33  33  33  33 255  53
 53 255  33  33  33  33  73  73  33  33  33  33  33  33 255  53
 53 255  33  33  33  33  73  73  33   0   0   0  33  33 255  53
 53 255  33  33  33  33  33  33   0  33  33   0  33  33 255  53
 53 255  33  33  33  33  33  33   0  33  33   0  33  33 255  53
 53 255  33  33   0  33   0  33   0  33  33   0  33  33 255  53
 53 255  33  33  33  33  33  33   0  33  33   0  33  33 255  53
 53 255  33  33   0  33   0  33  33   0   0   0  32  33 255  53
 53 255  33  33  33  33  33  33  33  33  33  33  33  33 255  53
 53 255  33  33  33  33  33  33  33  33  33  33  33  33 255  53
 53  53 110  33  33  33  33  33  33  33  33  33  33  87  53  53
 53  53  53 255 255 255 255 255 255 255 255 255 255  53  53  53
  0  53  53  53  53  53  53  53  53  53  53  53  53  53  53   0
  0 137 137 137 137 137 137 137 137 137 137 137 137 137 137   0
137 137 137 255 255 255 255 255 255 255 255 255 255 137 137 137
137 137 110  33  33  33  33  33  33  33  33  33  33  87 137 137
137 255  33  33  33  78  78  78  78  33  33  33  33  33 255 137
137 255  33  33  33  33  78  78  33  33  33  33  33  33 255 137
137 255  33  33  33  33  78  78  33 117 117 117  33  33 255 137
137 255  33  33  33  33  33  33 117  33  33 117  33  33 255 137
137 255  33  33  33  33  33  33 117  33  33 117  33  33 255 137
137 255  33  33 117  33 117  33 117  33  33 117  33  33 255 137
137 255  33  33  33  33  33  33 117  33  33 117  33  33 255 137
137 255  33  33 117  33 117  33  33 117 117 117  34  33 255 137
137 255  33  33  33  33  33  33  33  33  33  33  33  33 255 137
137 255  33  33  33  33  33  33  33  33  33  33  33  33 255 137
137 137 110  33  33  33  33  33  33  33  33  33  33  87 137 137
137 137 137 255 255 255 255 255 255 255 255 255 255 137 137 137
  0 137 137 137 137 137 137 137 137 137 137 137 137 137 137   0

  0  96  96  96  96  96  96  96  96  96  96  96  96  96  96   0
 96  96  96 255 255 255 255 255 255 255 255 255 255  96  96  96
 96  96  87  33  33  33  33  33  33  33  33  33  33  87  96  96
 96 255  33  33  33  33  33  33  33  33  35  33  33  33 255  96
 96 255  33  33  33 137 137 137 137 137 137  33  33  33 255  96
 96 255  33  33  33 137  33  33  33  33 137  33  33  33 255  96
 96 255  33  33  33 137  33  33  33  33 137  33  33  33 255  96
 96 255  33 158  33  33 137 137 137 137  33  33  33  33 255  96
 96 255  33 158 158 158  33  33  33  33  33  33  33  33 255  96
 96 255  33 158 158 158  33  33 137  33 137  33  33  33 255  96
 96 255  33 158  33  33  33  33  33  33  33  33  33  33 255  96
 96 255  33  33  33  33  33  33 137  33 137  33  33  33 255  96
 96 255  33  33  33  33  33  33  33  33  33  33  33  33 255  96
 96  96 110  33  33  33  33  33  33  33  33  33  33 110  96  96
 96  96  96 255 255 255 255 255 255 255 255 255 255  96  96  96
  0  96  96  96  96  96  96  96  96  96  96  96  96  96  96   0
  0  53  53  53  53  53  53  53  53  53  53  53  53  53  53   0
 53  53  53 255 255 255 255 255 255 255 255 255 255  53  53  53
 53  53  87  33  33  33  33  33  33  33  33  33  33  87  53  53
 53 255  33  33  33  33  33  33  33  33  32  33  33  33 255  53
 53 255  33  33  33   0   0   0   0   0   0  33  33  33 255  53
 53 255  33  33  33   0  33  33  33  33   0  33  33  33 255  53
 53 255  33  33  33   0  33  33  33  33   0  33  33  33 255  53
 53 255  33  73  33  33   0   0   0   0  33  33  33  33 255  53
 53 255  33  73  73  73  33  33  33  33  33  33  33  33 255  53
 53 255  33  73  73  73  33  33   0  33   0  33  33  33 255  53
 53 255  33  73  33  33  33  33  33  33  33  33  33  33 255  53
 53 255  33  33  33  33  33  33   0  33   0  33  33  33 255  53
 53 255  33  33  33  33  33  33  33  33  33  33  33  33 255  53
 53  53 110  33  33  33  33  33  33  33  33  33  33 110  53  53
 53  53  53 255 255 255 255 255 255 255 255 255 255  53  53  53
  0  53  53  53  53  53  53  53  53  53  53  53  53  53  53   0
  0 137 137 137 137 137 137 137 137 137 137 137 137 137 137   0
137 137 137 255 255 255 255 255 255 255 255 255 255 137 137 137
137 137  87  33  33  33  33  33  33  33  33  33  33  87 137 137
137 255  33  33  33  33  33  33  33  33  34  33  33  33 255 137
137 255  33  33  33 117 117 117 117 117 117  33  33  33 255 137
137 255  33  33  33 117  33  33  33  33 117  33  33  33 255 137
137 255  33  33  33 117  33  33  33  33 117  33  33  33 255 137
137 255  33  78  33  33 117 117 117 117  33  33  33  33 255 137
137 255  33  78  78  78  33  33  33  33  33  33  33  33 255 137
137 255  33  78  78  78  33  33 117  33 117  33  33  33 255 137
137 255  33  78  33  33  33  33  33  33  33  33  33  33 255 137
137 255  33  33  33  33  33  33 117  33 117  33  33  33 255 137
137 255  33  33  33  33  33  33  33  33  33  33  33  33 255 137
137 137 110  33  33  33  33  33  33  33  33  33  33 110 137 137
137 137 137 255 255 255 255 255 255 255 255 255 255 137 137 137
  0 137 137 137 137 137 137 137 137 137 137 137 137 137 137   0
